300blk 15 0.4 -6.6 -22.9 -48.8 -84.4 -130
300blk 25 -0.7 8.8 -26.3 -53.3 -90.1 -136.9
300blk 50 0 -7.5 -24.2 -50.6 -86.7 132.7
300blk 100 3.7 0 -13 -35.6 -68 -110.4
308win 15 3.1 6.3 8.1 8.3 6.8 3.6
308win 25 1.2 2.5 2.5 0.8 -2.5 -7.7
308win 50 0 0.2 -1.1 -3.9 -8.4 -14.8
308win 100 -0.1 0 -1.3 -4.3 -8.9 -15.3
338lapua 15 3.1 6.3 8.1 8.3 6.8 3.6
338lapua 25 1.2 2.5 2.5 0.8 -2.5 -7.7
338lapua 50 0 0.2 -1.1 -3.9 -8.4 -14.8
338lapua 100 -0.1 0 -1.3 -4.3 -8.9 -15.3
223remington 15 3.1 6.6 8.9 9.8 9.1 6.6
223remington 25 1.2 2.8 3.2 2.2 -0.4 -4.8
223remington 50 0 0.4 -0.5 -2.7 -6.6 -12.2
223remington 100 -0.2 0 -1.1 -3.5 -7.5 -13.3
76239 15 2.9 5.5 6.2 4.6 0.2 -7.2
76239 25 1.1 1.9 0.7 -2.8 -9 -18.2
76239 50 0 -0.3 -2.5 -7.1 -14.4 -24.6
76239 100 0.1 0 -2.1 -6.5 -13.7 -23.8
243win 15 3.1 6.7 9.1 10.3 10.1 8.5
243win 25 1.2 2.9 3.4 2.7 0.6 -2.9
243win 50 0 0.4 -0.3 -2.3 -5.6 -10.4
243win 100 -0.2 0 -1 -3.1 -6.7 -11.7
65sweden 15 3.1 6.4 8.5 9.2 8.3 5.8
65sweden 25 1.2 2.7 2.8 1.6 -1.1 -5.5
65sweden 50 0 0.3 -0.8 -3.2 -7.1 -12.7
65sweden 100 -0.1 0 -1.2 -3.7 -7.8 -13.5
270win 15 3.1 6.5 8.7 9.6 9 6.9
270win 25 1.2 2.8 3.1 2.1 -0.4 -4.4
270win 50 0 0.3 -0.6 -2.8 -6.5 -11.7
270win 100 -0.2 0 -1.1 -3.5 -7.3 -12.7
30-06 15 3.1 6.5 8.6 9.2 8.3 5.7
30-06 25 1.2 2.7 2.9 1.7 -1.1 -5.6
30-06 50 0 0.3 -0.7 -3.1 -7.1 -12.9
30-06 100 -0.1 0 -1.2 -3.7 -7.9 -13.8
22lr 15 1.3 -2.8 -15.5 999 999 999
22lr 25 -0.1 -5.7 -19.7 999 999 999
22lr 50 0 -5.5 -19.5 999 999 999
22lr 100 2.8 0 -11.2 999 999 999