300blk 15 -0.3 -23.4 -75.7 -157.5 -267 -409.2
300blk 25 -2.8 -28.7 -83.6 -168.1 -280.4 -425.2
300blk 50 0 -23.1 -74.9 -156.5 -265.9 -407
300blk 100 11.7 0 -40.4 -110.2 -208.3 -338.6
308win 15 7.9 15.5 18.5 17 9.9 -2.5
308win 25 3 5.6 3.8 -2.8 -14.5 -32.3
308win 50 0 -0.3 -4.8 -14.5 -29.2 -49.8
308win 100 0 0 -4.6 -14 -28.7 -49 
338lapua 15 8.1 16.8 22.1 23.6 21.3 15
338lapua 25 3 6.9 7.1 3.6 -3.6 -15
338lapua 50 0 0.5 -2.3 -8.9 -19.3 -33.8
338lapua 100 -0.3 0 -3.3 -10.2 -20.6 -35.3
223remington 15 8.1 16.5 21.1 21.3 16.5 6.1
223remington 25 3 6.6 6.1 1.3 -8.4 -23.9
223remington 50 0 0.3 -3 -11.2 -23.9 -42.4
223remington 100 -0.3 0 -3.6 -11.7 -24.6 -43.4
76239 15 7.4 13.2 12.7 4.8 -11.2 -37.1
76239 25 2.5 3.6 -1.8 -14.2 -35.3 -65.8
76239 50 0 -1.5 -9.4 -24.9 -48.3 -81.5
76239 100 0.8 0 -7.1 -21.6 -44.2 -76.5
243win 15 8.1 16.8 21.8 22.9 20.1 12.2
243win 25 3 6.6 6.9 2.8 -4.8 -17.8
243win 50 0 0.5 -2.5 -9.7 -20.6 -36.6
243win 100 -0.3 0 -3.3 -10.7 -21.8 -37.8
65sweden 15 7.9 15.7 19.8 19.6 14.5 4.1
65sweden 25 3 6.1 5.1 -0.3 -10.2 -25.4
65sweden 50 0 0 -3.8 -12.2 -25.1 -43.4
65sweden 100 0 0 -4.1 -12.4 -25.4 -43.7
270win 15 8.1 16.3 20.6 21.1 16.8 7.6
270win 25 3 6.4 5.8 1 -7.9 -22.1
270win 50 0 0.3 -3.3 -11.2 -23.1 -40.4
270win 100 0 0 -3.8 -11.4 -23.6 -41.1
30-06 15 8.1 16 20.1 19.8 14.5 3.6
30-06 25 3 6.1 5.3 0 -10.4 -26.2
30-06 50 0 0 -3.8 -12.2 -25.4 -44.2
30-06 100 0 0 -4.1 -12.4 -25.7 -44.4
22lr 15 2.5 -12.7 -54.6 999 999 999
22lr 25 -1 -19.6 -65 999 999 999
22lr 50 0 -17.8 -62 999 999 999
22lr 100 8.9 0 -35.6 999 999 999